2014_MH370:
  datetime: 20140308_001900
  lat: -25.773
  lon: 101.5
2018_EQ_1:
  datetime: 20180901_061359
  lat: -28.98783
  lon: 74.55206
2018_EQ_2:
  datetime: 20180226_205332
  lat: -23.7178
  lon: 69.7168
2022_Unknown:
  datetime: 20220310_000000
  lat: -23.7178
  lon: 69.7168